static int senseLocsShort = 69;
static int senseLocsLong = 109;
static int[] senseLocsX = {0,-1,0,0,1,-1,-1,1,1,-2,0,0,2,-2,-2,-1,-1,1,1,2,2,-2,-2,2,2,-3,0,0,3,-3,-3,-1,-1,1,1,3,3,-3,-3,-2,-2,2,2,3,3,-4,0,0,4,-4,-4,-1,-1,1,1,4,4,-3,-3,3,3,-4,-4,-2,-2,2,2,4,4,-5,-4,-4,-3,-3,0,0,3,3,4,4,5,-5,-5,-1,-1,1,1,5,5,-5,-5,-2,-2,2,2,5,5,-4,-4,4,4,-5,-5,-3,-3,3,3,5,5};
static int[] senseLocsY = {0,0,-1,1,0,-1,1,-1,1,0,-2,2,0,-1,1,-2,2,-2,2,-1,1,-2,2,-2,2,0,-3,3,0,-1,1,-3,3,-3,3,-1,1,-2,2,-3,3,-3,3,-2,2,0,-4,4,0,-1,1,-4,4,-4,4,-1,1,-3,3,-3,3,-2,2,-4,4,-4,4,-2,2,0,-3,3,-4,4,-5,5,-4,4,-3,3,0,-1,1,-5,5,-5,5,-1,1,-2,2,-5,5,-5,5,-2,2,-4,4,-4,4,-3,3,-5,5,-5,5,-3,3};
static int[] senseLocsR = {0,10,10,10,10,14,14,14,14,20,20,20,20,22,22,22,22,22,22,22,22,28,28,28,28,30,30,30,30,31,31,31,31,31,31,31,31,36,36,36,36,36,36,36,36,40,40,40,40,41,41,41,41,41,41,41,41,42,42,42,42,44,44,44,44,44,44,44,44,50,50,50,50,50,50,50,50,50,50,50,50,50,50,50,50,50,50,50,50,53,53,53,53,53,53,53,53,56,56,56,56,58,58,58,58,58,58,58,58};
static float[] sqrt = {0.000000f,1.000000f,1.414214f,1.732051f,2.000000f,2.236068f,2.449490f,2.645751f,2.828427f,3.000000f,3.162278f,3.316625f,3.464102f,3.605551f,3.741657f,3.872983f,4.000000f,4.123106f,4.242641f,4.358899f,4.472136f,4.582576f,4.690416f,4.795832f,4.898979f,5.000000f,5.099020f,5.196152f,5.291503f,5.385165f,5.477226f,5.567764f,5.656854f,5.744563f,5.830952f,5.916080f,6.000000f,6.082763f,6.164414f,6.244998f,6.324555f,6.403124f,6.480741f,6.557439f,6.633250f,6.708204f,6.782330f,6.855655f,6.928203f,7.000000f,7.071068f,7.141428f,7.211103f,7.280110f,7.348469f,7.416198f,7.483315f,7.549834f,7.615773f,7.681146f,7.745967f,7.810250f,7.874008f,7.937254f,8.000000f,8.062258f,8.124038f,8.185353f,8.246211f,8.306624f,8.366600f,8.426150f,8.485281f,8.544004f,8.602325f,8.660254f,8.717798f,8.774964f,8.831761f,8.888194f,8.944272f,9.000000f};
static float[] invSqrt = {0.000000f,1.000000f,0.707107f,0.577350f,0.500000f,0.447214f,0.408248f,0.377964f,0.353553f,0.333333f,0.316228f,0.301511f,0.288675f,0.277350f,0.267261f,0.258199f,0.250000f,0.242536f,0.235702f,0.229416f,0.223607f,0.218218f,0.213201f,0.208514f,0.204124f,0.200000f,0.196116f,0.192450f,0.188982f,0.185695f,0.182574f,0.179605f,0.176777f,0.174078f,0.171499f,0.169031f,0.166667f,0.164399f,0.162221f,0.160128f,0.158114f,0.156174f,0.154303f,0.152499f,0.150756f,0.149071f,0.147442f,0.145865f,0.144338f,0.142857f,0.141421f,0.140028f,0.138675f,0.137361f,0.136083f,0.134840f,0.133631f,0.132453f,0.131306f,0.130189f,0.129099f,0.128037f,0.127000f,0.125988f,0.125000f,0.124035f,0.123091f,0.122169f,0.121268f,0.120386f,0.119523f,0.118678f,0.117851f,0.117041f,0.116248f,0.115470f,0.114708f,0.113961f,0.113228f,0.112509f,0.111803f,0.111111f};
static int[] bitAdjacency = {99,231,462,924,792,3171,7399,14798,29596,25368,101472,236768,473536,947072,811776,3247104,7576576,15153152,30306304,25976832,3244032,7569408,15138816,30277632,25952256};
static int[] bitEdge = {31,17318416,1082401,32505856};
static int[] towerMask = {0,0,128,129,131,131,131,3,2,0,0,0,128,193,195,199,199,199,135,7,2,0,128,193,227,247,255,255,255,223,143,7,2,192,225,247,255,255,255,255,255,223,15,6,224,241,255,255,255,255,255,255,255,31,14,224,241,255,255,255,255,255,255,255,31,14,224,241,255,255,255,255,255,255,255,31,14,96,240,253,255,255,255,255,255,127,30,12,32,112,248,253,255,255,255,127,62,28,8,0,32,112,120,124,124,124,60,28,8,0,0,0,32,48,56,56,56,24,8,0,0};
static int[] hqMask = {0,0,128,129,131,131,131,131,131,3,2,0,0,0,128,193,195,199,199,199,199,199,135,7,2,0,128,193,227,247,255,255,255,255,255,223,143,7,2,192,225,247,255,255,255,255,255,255,255,223,15,6,224,241,255,255,255,255,255,255,255,255,255,31,14,224,241,255,255,255,255,255,255,255,255,255,31,14,224,241,255,255,255,255,255,255,255,255,255,31,14,224,241,255,255,255,255,255,255,255,255,255,31,14,224,241,255,255,255,255,255,255,255,255,255,31,14,96,240,253,255,255,255,255,255,255,255,127,30,12,32,112,248,253,255,255,255,255,255,127,62,28,8,0,32,112,120,124,124,124,124,124,60,28,8,0,0,0,32,48,56,56,56,56,56,24,8,0,0};
